00100110 
11101101 
00101111 
00111001 
10110100 
10111000 
10000011 
00001011 
01110000 
01011000 
11001001 
10101110 
00100110

00001010

11110011
11010101
10010010
00100110
10011100
01110110
01100100
00010000
11010011
00110110
00001011
10110100

00001010

10000111 
10100110

00001010

11101001 
10000111 
10001000 
11101000 
10111111 
10100110 
11100011 
10000001 
10101011 
11101000 
10101010 
10101100 
11100110 
10110011 
10010101

00001010


10110010 
01111000 
11010010 
01000101 
00110001 
01000010 
01101010 
01001010 
11011010 
10110100 
11011110 
11101001 
01110110 
00100110 
00010100 
11110011 
00001111 
10101110

00001010

11101001 
10000111 
10001000 
11101000 
10111111 
10100110 

00001010

